10 0.003551099999640428 250
20 0.003916699999535922 500
30 0.004234799999721872 750
40 0.004360599999927217 1000
50 0.004777300000569085 1250
60 0.004968400000507245 1500
70 0.0051809000005960115 1750
80 0.005728799999815237 2000
90 0.006558099999892875 2250
100 0.006368399999701069 2500
110 0.007382400000096823 2750
120 0.007127299999410752 3000
130 0.0072326999998040264 3250
140 0.008692600000358652 3500
150 0.007942300000649993 3750
160 0.00802650000059657 4000
170 0.008511400000315916 4250
180 0.00884669999959442 4500
190 0.009478999999373627 4750
200 0.009427099999811617 5000
210 0.009660100000473903 5250
220 0.010017700000389596 5500
230 0.010671800000636722 5750
240 0.011503099999572441 6000
250 0.011372400000254856 6250
260 0.011472800000774441 6500
270 0.011865600000419363 6750
280 0.011796499999945809 7000
290 0.012391000000206986 7250
300 0.01257640000039828 7500
310 0.013174699999581208 7750
320 0.013257399999929476 8000
330 0.013724800000090909 8250
340 0.014628899999479472 8500
350 0.014720000000124855 8750
360 0.015108600000530714 9000
370 0.015150000000176078 9250
380 0.02000339999995049 9500
390 0.02528630000051635 9750
400 0.0205562999999529 10000
410 0.02624370000012277 10250
420 0.02811810000002879 10500
430 0.02079559999947378 10750
440 0.020421199999873352 11000
450 0.01836600000024191 11250
460 0.01812400000017078 11500
470 0.01859599999988859 11750
480 0.02036450000014156 12000
490 0.019157699999595934 12250
500 0.019748200000321958 12500
510 0.019910499999241438 12750
520 0.020021600000291073 13000
530 0.02076660000057018 13250
540 0.020321200000580575 13500
550 0.02174509999986185 13750
560 0.021676800000022922 14000
570 0.021750700000666257 14250
580 0.021587199999885343 14500
590 0.02236209999955463 14750
600 0.022297199999229633 15000
610 0.022734199999831617 15250
620 0.02293310000004567 15500
630 0.023471299999982875 15750
640 0.024094599999443744 16000
650 0.024062100000264763 16250
660 0.024561299999732 16500
670 0.02453070000046864 16750
680 0.025197000000844127 17000
690 0.025381100000231527 17250
700 0.02607609999995475 17500
710 0.026180299999396084 17750
720 0.02674719999959052 18000
730 0.02654569999958767 18250
740 0.027362400000129128 18500
750 0.027779399999417365 18750
760 0.028065200000128243 19000
770 0.029007600000113598 19250
780 0.029305899999599205 19500
790 0.028704800000014075 19750
800 0.02979259999938222 20000
810 0.02975250000054075 20250
820 0.03081650000058289 20500
830 0.03011979999973846 20750
840 0.03055580000000191 21000
850 0.031016599999929895 21250
860 0.030905999999959022 21500
870 0.03189920000022539 21750
880 0.03284489999987272 22000
890 0.03184460000011313 22250
900 0.032557399999859626 22500
910 0.032842300000083924 22750
920 0.035367999999834865 23000
930 0.03320299999995768 23250
940 0.03433539999969071 23500
950 0.03388509999967937 23750
960 0.034526999999798136 24000
970 0.034607199999300065 24250
980 0.034209999999802676 24500
990 0.035214100000303006 24750
1000 0.036299399999734305 25000
1010 0.03593349999937345 25250
1020 0.03610529999969003 25500
1030 0.03709489999982907 25750
1040 0.037212400000498747 26000
1050 0.037492200000087905 26250
1060 0.037689799999498064 26500
1070 0.03827300000011746 26750
1080 0.038092199999482546 27000
1090 0.040834499999618856 27250
1100 0.038846299999931944 27500
1110 0.050626700000066194 27750
1120 0.03941930000019056 28000
1130 0.03989160000037373 28250
1140 0.039745000000039 28500
1150 0.040906100000029255 28750
1160 0.04075560000001133 29000
1170 0.040759999999863794 29250
1180 0.041139199999634 29500
1190 0.042372599999907834 29750
1200 0.04170479999993404 30000
1210 0.04152929999963817 30250
1220 0.0423782999996547 30500
1230 0.04314130000057048 30750
1240 0.044063199999982317 31000
1250 0.04375499999969179 31250
1260 0.04377280000062456 31500
1270 0.04494689999955881 31750
1280 0.044957599999179365 32000
1290 0.04526050000004034 32250
1300 0.04530660000000353 32500
1310 0.04608939999980066 32750
1320 0.04598619999978837 33000
1330 0.04620379999960278 33250
1340 0.04593829999976151 33500
1350 0.046672899999975925 33750
1360 0.047122099999796774 34000
1370 0.04684180000003835 34250
1380 0.047748699999829114 34500
1390 0.05140110000047571 34750
1400 0.05102770000030432 35000
1410 0.05050260000007256 35250
1420 0.05059979999987263 35500
1430 0.050835900000492984 35750
1440 0.05088470000009693 36000
1450 0.05148139999982959 36250
1460 0.05034479999994801 36500
1470 0.05167209999945044 36750
1480 0.052521900000101596 37000
1490 0.051659400000062305 37250
1500 0.0517654000004768 37500
1510 0.053096699999514385 37750
1520 0.06341819999943255 38000
1530 0.05288300000029267 38250
1540 0.05314809999981662 38500
1550 0.053381800000352086 38750
1560 0.054600399999799265 39000
1570 0.05377210000006016 39250
1580 0.05446650000067166 39500
1590 0.05502069999965897 39750
1600 0.054692900000191 40000
1610 0.0553051000006235 40250
1620 0.05648939999991853 40500
1630 0.05575510000016948 40750
1640 0.05725350000011531 41000
1650 0.057030800000575255 41250
1660 0.05800470000031055 41500
1670 0.0597883999998885 41750
1680 0.05875519999972312 42000
1690 0.05827080000017304 42250
1700 0.06881969999994908 42500
1710 0.058655600000747654 42750
1720 0.05864300000030198 43000
1730 0.05911920000016835 43250
1740 0.060437199999796576 43500
1750 0.06034060000001773 43750
1760 0.059929000000011 44000
1770 0.060244000000238884 44250
1780 0.06207040000026609 44500
1790 0.06077629999981582 44750
1800 0.06314850000035221 45000
1810 0.06265540000003966 45250
1820 0.062304199999744014 45500
1830 0.0747187999995731 45750
1840 0.06401290000030713 46000
1850 0.06474580000030983 46250
1860 0.06438210000032996 46500
1870 0.06648089999998774 46750
1880 0.06615719999990688 47000
1890 0.06511919999957172 47250
1900 0.06650869999975839 47500
1910 0.0655440999998973 47750
1920 0.07142250000015338 48000
1930 0.07329089999984717 48250
1940 0.06756299999960902 48500
1950 0.06839060000038444 48750
1960 0.06928269999934855 49000
1970 0.06935629999952653 49250
1980 0.06942000000071857 49500
1990 0.06831030000012106 49750
2000 0.07068100000014965 50000
2010 0.06886579999991227 50250
2020 0.06964459999926476 50500
2030 0.06990319999931671 50750
2040 0.07080339999993157 51000
2050 0.07114390000060666 51250
2060 0.07217930000024353 51500
2070 0.07323180000003049 51750
2080 0.07153959999959625 52000
2090 0.07230729999992036 52250
2100 0.08281809999971301 52500
2110 0.07355999999981577 52750
2120 0.07335100000000239 53000
2130 0.07407150000017282 53250
2140 0.07426329999998416 53500
2150 0.07467720000022382 53750
2160 0.07558009999956994 54000
2170 0.07420650000040041 54250
2180 0.07678190000024188 54500
2190 0.07500359999994544 54750
2200 0.07579309999982797 55000
2210 0.07652609999968263 55250
2220 0.07693839999956253 55500
2230 0.08109460000014224 55750
2240 0.07739289999972243 56000
2250 0.07719180000003689 56250
2260 0.07865099999980885 56500
2270 0.07882669999980862 56750
2280 0.08604230000037205 57000
2290 0.07858899999973801 57250
2300 0.07831129999976838 57500
2310 0.08113709999997809 57750
2320 0.09942059999957564 58000
2330 0.08669759999975213 58250
2340 0.07945310000013706 58500
2350 0.08091169999988779 58750
2360 0.08106529999986378 59000
2370 0.08201710000048479 59250
2380 0.08062320000044565 59500
2390 0.08069160000013653 59750
2400 0.0820914999994784 60000
2410 0.08154930000000604 60250
2420 0.08246239999971294 60500
2430 0.08118479999939154 60750
2440 0.083360000000539 61000
2450 0.0827833000003011 61250
2460 0.08447989999967831 61500
2470 0.08331259999977192 61750
2480 0.08441159999983938 62000
2490 0.08377480000035575 62250
2500 0.08463269999992917 62500
2510 0.08600329999990208 62750
2520 0.08452589999978954 63000
2530 0.09635329999946407 63250
2540 0.0852709999999206 63500
2550 0.08604560000003403 63750
2560 0.08550699999977951 64000
2570 0.08620329999939713 64250
2580 0.088354900000013 64500
2590 0.08657040000070992 64750
2600 0.08862419999968552 65000
2610 0.08754409999983181 65250
2620 0.08831420000024082 65500
2630 0.09095189999970898 65750
2640 0.08932590000040364 66000
2650 0.0903957000000446 66250
2660 0.08883650000007037 66500
2670 0.08941139999933512 66750
2680 0.09065209999971557 67000
2690 0.09037400000033813 67250
2700 0.09877749999941443 67500
2710 0.09191240000018297 67750
2720 0.10281440000017028 68000
2730 0.09294299999965006 68250
2740 0.09251810000023397 68500
2750 0.09193950000008044 68750
2760 0.09134559999984049 69000
2770 0.09913920000053622 69250
2780 0.09511840000050142 69500
2790 0.09303139999974519 69750
2800 0.09348129999943922 70000
2810 0.09392010000010487 70250
2820 0.09564039999986562 70500
2830 0.09661310000046797 70750
2840 0.09520449999945413 71000
2850 0.09680369999932736 71250
2860 0.09568360000048415 71500
2870 0.09788570000000618 71750
2880 0.09748390000004292 72000
2890 0.0974887000002127 72250
2900 0.10883759999978793 72500
2910 0.09949480000068434 72750
2920 0.09948500000064087 73000
2930 0.09786329999951704 73250
2940 0.1008136000000377 73500
2950 0.09983010000087233 73750
2960 0.09897079999973357 74000
2970 0.1005315000002156 74250
2980 0.09991590000026918 74500
2990 0.09937939999963419 74750
3000 0.09984800000074756 75000
3010 0.09925489999932324 75250
3020 0.09991050000007817 75500
3030 0.10173610000038025 75750
3040 0.09998459999951592 76000
3050 0.10034079999968526 76250
3060 0.11356179999984306 76500
3070 0.1030971000000136 76750
3080 0.10471069999948668 77000
3090 0.10462689999985741 77250
3100 0.10439889999997831 77500
3110 0.10573130000011588 77750
3120 0.10638159999962227 78000
3130 0.10900619999938499 78250
3140 0.10800100000051316 78500
3150 0.10937550000016927 78750
3160 0.10562730000037845 79000
3170 0.10734189999948285 79250
3180 0.10819460000038816 79500
3190 0.10827169999993203 79750
3200 0.1055992999999944 80000
3210 0.10631319999993138 80250
3220 0.11963740000010148 80500
3230 0.10811069999999745 80750
3240 0.10906319999958214 81000
3250 0.11139960000036808 81250
3260 0.11238129999946977 81500
3270 0.11096970000016881 81750
3280 0.11226850000002742 82000
3290 0.11112080000020796 82250
3300 0.11534159999973781 82500
3310 0.15588930000012624 82750
3320 0.12412339999991673 83000
3330 0.13136049999957322 83250
3340 0.1119951000000583 83500
3350 0.11232990000007703 83750
3360 0.11611699999957636 84000
3370 0.12434039999970992 84250
3380 0.11406699999952252 84500
3390 0.11603270000068733 84750
3400 0.11505160000069736 85000
3410 0.11437560000013036 85250
3420 0.11535170000024664 85500
3430 0.11473110000042652 85750
3440 0.11991140000009182 86000
3450 0.11628660000042146 86250
3460 0.11618099999941478 86500
3470 0.11497260000032838 86750
3480 0.11697610000010172 87000
3490 0.12306900000021415 87250
3500 0.21098930000061955 87500
3510 0.12343659999987722 87750
3520 0.12858890000006795 88000
3530 0.1165235999997094 88250
3540 0.14912199999980658 88500
3550 0.12438310000015917 88750
3560 0.1366955000003145 89000
3570 0.1197517999999036 89250
3580 0.13896460000069055 89500
3590 0.12468630000057601 89750
3600 0.12083220000022266 90000
3610 0.12181580000014947 90250
3620 0.1253500000002532 90500
3630 0.12329189999945811 90750
3640 0.1293868000002476 91000
3650 0.1545071000000462 91250
3660 0.13531370000055176 91500
3670 0.12663940000038565 91750
3680 0.1391788999999335 92000
3690 0.12475659999927302 92250
3700 0.12562069999967207 92500
3710 0.13206549999995332 92750
3720 0.1459313999994265 93000
3730 0.13769050000064453 93250
3740 0.12815210000007937 93500
3750 0.1279087000002619 93750
3760 0.1343339000004562 94000
3770 0.12723920000007638 94250
3780 0.14411250000011933 94500
3790 0.1386065000006056 94750
3800 0.13605350000034377 95000
3810 0.12728710000010324 95250
3820 0.12826529999983904 95500
3830 0.12867800000003626 95750
3840 0.12923810000029334 96000
3850 0.1294951999998375 96250
3860 0.12980030000016995 96500
3870 0.13556559999960882 96750
3880 0.1675502999996752 97000
3890 0.15584599999965576 97250
3900 0.13614359999974113 97500
3910 0.14651400000002468 97750
3920 0.14938489999985904 98000
3930 0.13974940000025526 98250
3940 0.13314340000033553 98500
3950 0.13424720000057278 98750
3960 0.13419249999969907 99000
3970 0.13558999999986554 99250
3980 0.15380610000011075 99500
3990 0.13850390000061452 99750
4000 0.14122969999971247 100000
4010 0.1352167000004556 100250
4020 0.14162070000020321 100500
4030 0.16302859999996144 100750
4040 0.14866230000006908 101000
4050 0.1385693000001993 101250
4060 0.15252919999966252 101500
4070 0.13813180000033753 101750
4080 0.1540938999996797 102000
4090 0.14130610000029264 102250
4100 0.14581859999998414 102500
4110 0.13968579999982467 102750
4120 0.15395509999962087 103000
4130 0.15324859999964247 103250
4140 0.1461939999999231 103500
4150 0.1524266999995234 103750
4160 0.1556786999999531 104000
4170 0.1411457000003793 104250
4180 0.1434516999997868 104500
4190 0.14866840000013326 104750
4200 0.14353590000064287 105000
4210 0.1521154000001843 105250
4220 0.14977149999958783 105500
4230 0.16122169999925973 105750
4240 0.15516939999997703 106000
4250 0.16075670000009268 106250
4260 0.15623869999944873 106500
4270 0.15490689999933238 106750
4280 0.15080050000051415 107000
4290 0.16408330000012938 107250
4300 0.1604235000004337 107500
4310 0.14883149999968737 107750
4320 0.1476370999998835 108000
4330 0.14836620000005496 108250
4340 0.15035030000035476 108500
4350 0.14867510000021866 108750
4360 0.14591269999982615 109000
4370 0.14798739999969257 109250
4380 0.15567450000071403 109500
4390 0.1470312000001286 109750
4400 0.14691300000049523 110000
4410 0.1474582000000737 110250
4420 0.14816270000028453 110500
4430 0.1491388000004008 110750
4440 0.1480161000008593 111000
4450 0.14794020000044839 111250
4460 0.1470675000000483 111500
4470 0.14897839999957796 111750
4480 0.15002199999980803 112000
4490 0.15812569999980042 112250
4500 0.14890640000066924 112500
4510 0.1489902000002985 112750
4520 0.14917220000006637 113000
4530 0.16396679999979824 113250
4540 0.1518765999999232 113500
4550 0.15150769999945624 113750
4560 0.15435729999990144 114000
4570 0.1537489000002097 114250
4580 0.15493029999925056 114500
4590 0.16616479999993317 114750
4600 0.154685999999856 115000
4610 0.15499569999974483 115250
4620 0.15820850000000064 115500
4630 0.156750799999827 115750
4640 0.15626800000063668 116000
4650 0.1558483000007982 116250
4660 0.15627539999968576 116500
4670 0.15668559999994613 116750
4680 0.15904929999942397 117000
4690 0.15726439999980357 117250
4700 0.16752529999939725 117500
4710 0.15775639999992563 117750
4720 0.17368200000055367 118000
4730 0.1595604000003732 118250
4740 0.16598419999991165 118500
4750 0.1631281999998464 118750
4760 0.1765693999996074 119000
4770 0.1601010000003953 119250
4780 0.16527160000077856 119500
4790 0.1709755000001678 119750
4800 0.17279469999994035 120000
4810 0.16275690000020404 120250
4820 0.16299960000014835 120500
4830 0.16505149999920832 120750
4840 0.16913239999939833 121000
4850 0.16692439999951603 121250
4860 0.16779079999923852 121500
4870 0.17313470000044617 121750
4880 0.1650339999996504 122000
4890 0.16440499999953317 122250
4900 0.18405130000064673 122500
4910 0.16644489999998768 122750
4920 0.17012700000032055 123000
4930 0.1686242999994647 123250
4940 0.1702132000000347 123500
4950 0.17306530000041676 123750
4960 0.17837669999971695 124000
4970 0.16925220000030095 124250
4980 0.17281960000036634 124500
4990 0.20201749999978347 124750
5000 0.17108999999982188 125000
5010 0.17211839999981748 125250
5020 0.1722338999998101 125500
5030 0.17608170000039536 125750
5040 0.17026569999961794 126000
5050 0.17845829999987473 126250
5060 0.17947170000024926 126500
5070 0.1768418000001475 126750
5080 0.17824989999917307 127000
5090 0.1851065999999264 127250
5100 0.17480389999946055 127500
5110 0.1743163999999524 127750
5120 0.17653119999977207 128000
5130 0.24586980000003678 128250
5140 0.17340169999988575 128500
5150 0.17608879999988858 128750
5160 0.18060300000070129 129000
5170 0.26132330000018555 129250
5180 0.25389330000052723 129500
5190 0.20966300000054616 129750
5200 0.2117856999993819 130000
5210 0.17629540000052657 130250
5220 0.1843931999992492 130500
5230 0.18040240000027552 130750
5240 0.1820740000002843 131000
5250 0.20910970000022644 131250
5260 0.18275369999992108 131500
5270 0.20652479999989737 131750
5280 0.28181560000030004 132000
5290 0.22496959999989485 132250
5300 0.21918100000038976 132500
5310 0.1937487000004694 132750
5320 0.19194549999974697 133000
5330 0.189841699999306 133250
5340 0.19637590000002092 133500
5350 0.2026443000004292 133750
5360 0.21951809999973193 134000
5370 0.19890420000047015 134250
5380 0.18460899999990943 134500
5390 0.1866917999996076 134750
5400 0.1857985999995435 135000
5410 0.18661880000036035 135250
5420 0.18447329999980866 135500
5430 0.18981989999974758 135750
5440 0.1888226000000941 136000
5450 0.22045379999963188 136250
5460 0.21905619999961345 136500
5470 0.19306630000028235 136750
5480 0.20405559999926481 137000
5490 0.20036879999952362 137250
5500 0.1911216999997123 137500
5510 0.18903190000037284 137750
5520 0.2113883000001806 138000
5530 0.1913446999997177 138250
5540 0.21200109999972483 138500
5550 0.18860459999996237 138750
5560 0.19213549999949464 139000
5570 0.19239910000032978 139250
5580 0.1966245000003255 139500
5590 0.18982820000019274 139750
5600 0.19142210000063642 140000
5610 0.19014719999995577 140250
5620 0.2035606999997981 140500
5630 0.20643740000014077 140750
5640 0.19410809999953926 141000
5650 0.20515320000049542 141250
5660 0.20852580000064336 141500
5670 0.2099657999997362 141750
5680 0.19446549999975105 142000
5690 0.20411560000047757 142250
5700 0.20684629999959725 142500
5710 0.20751740000014252 142750
5720 0.1991635000003953 143000
5730 0.2136276999999609 143250
5740 0.2047194999995554 143500
5750 0.3198772999994617 143750
5760 0.2243680999999924 144000
5770 0.207553100000041 144250
5780 0.2308803000005355 144500
5790 0.28818349999983184 144750
5800 0.26780020000023796 145000
5810 0.25075379999998404 145250
5820 0.22878399999990506 145500
5830 0.23357359999954497 145750
5840 0.19527980000020762 146000
5850 0.2009581000002072 146250
5860 0.1983393000000433 146500
5870 0.2018103999998857 146750
5880 0.25858289999996487 147000
5890 0.22789530000045488 147250
5900 0.21298880000085774 147500
5910 0.25511850000020786 147750
5920 0.2811066000003848 148000
5930 0.247345700000551 148250
5940 0.22799399999985326 148500
5950 0.25369660000069416 148750
5960 0.2660359999999855 149000
5970 0.2552657000005638 149250
5980 0.25771589999931166 149500
5990 0.26431570000022475 149750
6000 0.23659959999986313 150000
6010 0.28069850000065344 150250
6020 0.2100719999998546 150500
6030 0.2052678999998534 150750
6040 0.21288739999999962 151000
6050 0.21287680000023101 151250
6060 0.2143581999998787 151500
6070 0.22090279999974882 151750
6080 0.20754070000020874 152000
6090 0.20712170000024344 152250
6100 0.26092979999975796 152500
6110 0.20617530000072293 152750
6120 0.2199821999993219 153000
6130 0.2291733000001841 153250
6140 0.22423479999997653 153500
6150 0.20589389999986452 153750
6160 0.22138970000014524 154000
6170 0.21576620000087132 154250
6180 0.2130483999999342 154500
6190 0.23856179999984306 154750
6200 0.2188310999999885 155000
6210 0.22028540000064822 155250
6220 0.2081740000003265 155500
6230 0.21211130000028788 155750
6240 0.23442639999939274 156000
6250 0.21974200000022392 156250
6260 0.21709459999965475 156500
6270 0.2292676000006395 156750
6280 0.2095614999998361 157000
6290 0.2099779000000126 157250
6300 0.22038210000027902 157500
6310 0.21625289999974484 157750
6320 0.21406110000043554 158000
6330 0.21417309999924328 158250
6340 0.21447100000023056 158500
6350 0.23463269999956538 158750
6360 0.2157071999999971 159000
6370 0.21786940000038157 159250
6380 0.23302609999973356 159500
6390 0.2162106000005224 159750
6400 0.21772129999953904 160000
6410 0.21788289999949484 160250
6420 0.22698449999916193 160500
6430 0.21944059999987076 160750
6440 0.21912809999957972 161000
6450 0.21686460000000807 161250
6460 0.2208784000004016 161500
6470 0.2224250999997821 161750
6480 0.22053990000040358 162000
6490 0.23605440000028466 162250
6500 0.21740369999952236 162500
6510 0.21949550000044837 162750
6520 0.2193145999999615 163000
6530 0.2238908999997875 163250
6540 0.22115720000056172 163500
6550 0.22970119999990857 163750
6560 0.2257551999991847 164000
6570 0.23445360000005167 164250
6580 0.2211710999999923 164500
6590 0.23566960000061954 164750
6600 0.22793080000064947 165000
6610 0.22484810000059952 165250
6620 0.23099910000019008 165500
6630 0.2278796999999031 165750
6640 0.23876990000007936 166000
6650 0.2264734000000317 166250
6660 0.22441620000063267 166500
6670 0.22991210000054707 166750
6680 0.22518120000040653 167000
6690 0.22539659999983996 167250
6700 0.23053249999975378 167500
6710 0.25955340000018623 167750
6720 0.2486602999997558 168000
6730 0.23110189999988506 168250
6740 0.2260684000002584 168500
6750 0.23037639999984094 168750
6760 0.2268008999999438 169000
6770 0.23669650000010733 169250
6780 0.241817600000104 169500
6790 0.23553290000018023 169750
6800 0.23568909999994503 170000
6810 0.2352400999998281 170250
6820 0.23839630000020406 170500
6830 0.23952680000002147 170750
6840 0.23628389999976207 171000
6850 0.2469243000005008 171250
6860 0.2353131999998368 171500
6870 0.23578330000054848 171750
6880 0.23720439999942755 172000
6890 0.2311362000000372 172250
6900 0.22965470000053756 172500
6910 0.24530959999992774 172750
6920 0.24688250000053813 173000
6930 0.2385863999998037 173250
6940 0.25009309999950347 173500
6950 0.23881929999970453 173750
6960 0.24709619999975985 174000
6970 0.23784019999948214 174250
6980 0.23299459999998362 174500
6990 0.25059539999983826 174750
7000 0.23968260000037844 175000
7010 0.23519649999980174 175250
7020 0.2335032000000865 175500
7030 0.2428000999998403 175750
7040 0.24214559999927587 176000
7050 0.24407690000043658 176250
7060 0.25093720000040776 176500
7070 0.2415683999997782 176750
7080 0.24119189999964874 177000
7090 0.24926079999931972 177250
7100 0.24639159999969706 177500
7110 0.24208760000055918 177750
7120 0.2564135000002352 178000
7130 0.2448947999992015 178250
7140 0.23876140000083979 178500
7150 0.24025280000023486 178750
7160 0.23984250000012253 179000
7170 0.24395410000033735 179250
7180 0.2451787999998487 179500
7190 0.251785700000255 179750
7200 0.24141140000028827 180000
7210 0.2398057999998855 180250
7220 0.24634859999969194 180500
7230 0.24279280000064318 180750
7240 0.24443410000003496 181000
7250 0.2421639000003779 181250
7260 0.25174169999991136 181500
7270 0.24447390000023006 181750
7280 0.24240409999947587 182000
7290 0.24062720000074478 182250
7300 0.24798660000033124 182500
7310 0.24119100000007165 182750
7320 0.27020269999957236 183000
7330 0.25153840000075434 183250
7340 0.2930040999999619 183500
7350 0.2524806000001263 183750
7360 0.26123700000061945 184000
7370 0.25203700000020035 184250
7380 0.2498102999998082 184500
7390 0.2728893000003154 184750
7400 0.24901979999958712 185000
7410 0.26392440000017814 185250
7420 0.26084609999998065 185500
7430 0.24734149999949295 185750
7440 0.2540958999998111 186000
7450 0.29201540000030946 186250
7460 0.2574395999999979 186500
7470 0.25502849999975297 186750
7480 0.2538807999999335 187000
7490 0.2544075999994675 187250
7500 0.26102260000061506 187500
7510 0.27288899999985006 187750
7520 0.2657963000001473 188000
7530 0.2595737999999983 188250
7540 0.2533456999999544 188500
7550 0.37012770000001183 188750
7560 0.3819301000003179 189000
7570 0.27972700000009354 189250
7580 0.33483049999995274 189500
7590 0.27655829999912385 189750
7600 0.25840989999960584 190000
7610 0.27981569999974454 190250
7620 0.2595910999998523 190500
7630 0.28280700000050274 190750
7640 0.2832037999996828 191000
7650 0.27674739999929443 191250
7660 0.2609839999995529 191500
7670 0.2635420000005979 191750
7680 0.31677489999947284 192000
7690 0.29217479999988427 192250
7700 0.3414542000000438 192500
7710 0.26702990000012505 192750
7720 0.26413549999961106 193000
7730 0.25830450000012206 193250
7740 0.260803200000737 193500
7750 0.3195679000000382 193750
7760 0.27812509999967006 194000
7770 0.2731607999994594 194250
7780 0.3758068999995885 194500
7790 0.3105191000004197 194750
7800 0.31457379999937984 195000
7810 0.279744400000709 195250
7820 0.2987166000002617 195500
7830 0.29076359999999113 195750
7840 0.43133580000085203 196000
7850 0.3798721999992267 196250
7860 0.35116720000041823 196500
7870 0.36862790000031964 196750
7880 0.3958002999997916 197000
7890 0.4007027999996353 197250
7900 0.2920632999994268 197500
7910 0.2712739999997211 197750
